000001  1
000002  1
000009  1
000012  1
000021  1
000024  1
000027  1
000031  1
000039  1
000046  1
000059  1
000060  1
000061  1
000063  1
000069  1
000089  1
000100  1
000157  1
000301  1
000338  1
000401  1
000402  1
000422  1
000423  1
000425  1
000488  1
000527  1
000528  1
000538  1
000559  1
000562  1
000568  1
000612  1
000623  1
000625  1
000630  1
000631  1
000651  1
000652  1
000667  1
000680  1
000685  1
000686  1
000690  1
000709  1
000717  1
000718  1
000728  1
000729  1
000758  1
000768  1
000778  1
000780  1
000783  1
000792  1
000793  1
000800  1
000807  1
000822  1
000825  1
000839  1
000858  1
000876  1
000878  1
000895  1
000897  1
000898  1
000900  1
000917  1
000927  1
000932  1
000933  1
000937  1
000951  1
000959  1
000960  1
000968  1
000969  1
000983  1
000999  1
002001  1
002007  1
002024  1
002028  1
002122  1
002128  1
002142  1
002155  1
002202  1
002242  1
002244  1
002275  1
600000  1
600004  1
600005  1
600006  1
600008  1
600009  1
600010  1
600011  1
600015  1
600016  1
600017  1
600018  1
600019  1
600022  1
600026  1
600027  1
600028  1
600029  1
600030  1
600031  1
600033  1
600036  1
600037  1
600048  1
600050  1
600058  1
600062  1
600066  1
600068  1
600085  1
600087  1
600089  1
600096  1
600100  1
600102  1
600104  1
600108  1
600109  1
600111  1
600118  1
600123  1
600125  1
600132  1
600143  1
600150  1
600151  1
600153  1
600158  1
600161  1
600166  1
600169  1
600170  1
600176  1
600177  1
600183  1
600188  1
600196  1
600208  1
600210  1
600216  1
600219  1
600220  1
600221  1
600236  1
600239  1
600246  1
600251  1
600256  1
600266  1
600269  1
600270  1
600271  1
600276  1
600282  1
600307  1
600309  1
600312  1
600316  1
600320  1
600325  1
600331  1
600348  1
600350  1
600352  1
600362  1
600369  1
600376  1
600380  1
600383  1
600395  1
600415  1
600418  1
600426  1
600428  1
600432  1
600456  1
600489  1
600497  1
600500  1
600508  1
600516  1
600517  1
600518  1
600519  1
600528  1
600547  1
600549  1
600550  1
600569  1
600582  1
600583  1
600585  1
600588  1
600595  1
600596  1
600597  1
600598  1
600600  1
600601  1
600611  1
600631  1
600635  1
600638  1
600639  1
600642  1
600643  1
600648  1
600649  1
600655  1
600657  1
600660  1
600663  1
600664  1
600674  1
600675  1
600685  1
600688  1
600690  1
600694  1
600717  1
600718  1
600737  1
600739  1
600741  1
600748  1
600779  1
600782  1
600795  1
600804  1
600808  1
600809  1
600811  1
600812  1
600816  1
600820  1
600832  1
600835  1
600837  1
600839  1
600859  1
600874  1
600875  1
600879  1
600881  1
600886  1
600895  1
600900  1
600970  1
600997  1
601001  1
601006  1
601009  1
601088  1
601099  1
601107  1
601111  1
601166  1
601168  1
601169  1
601186  1
601318  1
601328  1
601333  1
601390  1
601398  1
601588  1
601600  1
601601  1
601618  1
601628  1
601666  1
601668  1
601699  1
601727  1
601766  1
601808  1
601857  1
601866  1
601872  1
601898  1
601899  1
601918  1
601919  1
601939  1
601958  1
601988  1
601991  1
601998  1
