000300
600000
600004
600005
600008
600009
600010
600015
600016
600019
600026
600028
600029
600030
600031
600036
600037
600050
600058
600085
600096
600100
600104
600108
600123
600153
600170
600177
600183
600188
600196
600220
600221
600256
600266
600269
600307
600309
600320
600348
600362
600428
600500
600508
600519
600583
600585
600598
600600
600635
600642
600649
600660
600675
600690
600694
600717
600739
600741
600779
600795
600808
600811
600812
600832
600839
600879
600881
600895
600900
600997
000001
000002
000009
000012
000021
000024
000027
000031
000039
000060
000061
000063
000069
000157
000401
000402
000425
000527
000528
000568
000625
000630
000651
000680
000709
000729
000758
000778
000792
000800
000807
000825
000839
000858
000878
000898
000927
000933
000937
000960
000983
600125
000059
000538
002024
600331
600383
600418
600550
000422
000768
000969
600271
600132
600143
600151
600415
600456
600549
600655
600809
600875
000562
601988
601006
600018
601398
600048
600066
600068
600118
600150
600316
600432
600489
600497
600547
601001
601111
601628
601166
601318
601600
601998
601328
600208
600219
600528
600837
601333
601666
601699
000612
000876
601088
601857
600380
600089
600109
600111
600595
601009
601168
601169
601808
601919
000338
000423
000718
000895
000951
002128
002142
600376
600804
601390
601601
601866
601898
601918
601939
000686
000728
000783
002155
002202
600588
600664
600674
600737
601186
601899
601958
000100
000623
000690
000968
002001
600169
600216
600352
600395
600516
600518
600718
600970
601727
601766
000685
000999
002028
002122
002244
600062
600161
600166
600239
600369
600517
601668
601107
000780
002007
601618
600312
600300
601607
600863
601788
000725
000961
601888
601117
601299
600999
002304
601989
601179
601688
601288
000776
002092
002146
002294
002385
002399
002405
002415
002422
600115
600276
600406
600481
600535
600546
600582
600703
600823
600887
600893
601101
601106
601158
601268
601369
601818
000559
000869
002069
002106
600267
600859
000536
002073
002310
002493
002498
002500
600971
600998
601018
601098
#601118
601377
#601519
#601558
601717
601718
#601933
600827
